2	2	1 1 0 0 0 0 0 0 0 0 0 0 0 0 0 0 0 0 0 0
2	6	1 1 0 0	0 1 0 0 0 0 0 0 0 0 0 0 0 0 0 0
6	2	1 1 0 0	1 0 0 0 0 0 0 0 0 0 0 0 0 0 0 0
6	6	1 1 0 0 1 1 0 0 0 0 0 0 0 0 0 0 0 0 0 0
6	8	1 1 0 1 1 1 0 0 0 0 0 0 0 0 0 0 0 0 0 0
8	6	1 1 1 0 1 1 0 0 0 0 0 0 0 0 0 0 0 0 0 0
8	8	1 1 1 1 1 1 0 0	0 0 0 0	0 0 0 0 0 0 0 0
8 	14	1 1 1 1 1 1 0 0 0 0 0 1 0 0 0 0 0 0 0 0
14	8	1 1 1 1	1 1 0 0	0 0 1 0	0 0 0 0 0 0 0 0
8	16	1 1 1 1	1 1 0 1	0 0 0 1 0 0 0 0 0 0 0 0
16	8	1 1 1 1	1 1 1 0	0 0 1 0	0 0 0 0 0 0 0 0	
8	20	1 1 1 1	1 1 0 1	0 1 0 1 0 0 0 0 0 0 0 0
14	16	1 1 1 1 1 1 0 1 0 0 1 1 0 0 0 0 0 0 0 0 
16	14	1 1 1 1 1 1 1 0 0 0 1 1 0 0 0 0 0 0 0 0
16	16	1 1 1 1	1 1 1 1	0 0 1 1	0 0 0 0	0 0 0 0
20	8	1 1 1 1 1 1 1 0 1 0 1 0 0 0 0 0 0 0 0 0 
20	20	1 1 1 1 1 1 1 1 1 1 1 1 0 0 0 0 0 0 0 0 
20 	28	1 1 1 1	1 1 1 1	1 1 1 1	0 0 0 0 0 0 0 1
28	20	1 1 1 1	1 1 1 1	1 1 1 1	0 0 0 0 0 0 1 0
28	28	1 1 1 1	1 1 1 1	1 1 1 1	0 0 0 0 0 0 1 1
14 	14	1 1 1 1 1 1 0 0 0 0 1 1 0 0 0 0 0 0 0 0
14	20	1 1 1 1	1 1 0 1	0 1 1 1 0 0 0 0 0 0 0 0
20	14 	1 1 1 1 1 1 1 0 1 0 1 1 0 0 0 0 0 0 0 0